0 0 0
0 0 0
0 0 0
0 0 0
0 0 0
0 0 0
0 0 0
0 0 0
0 0 0
0 0 0
0 0 0
0 0 0
0 0 0
0 0 0
0 0 0
0 0 0
0 0 0
0 0 0
0 0 0
0 0 0
0 0 0
0 0 0
0 0 0
0 0 0
0 0 0
0 0 0
0 0 0
0 0 0
0 0 0
0 0 0
0 0 0
0 0 0
0 0 0
0 0 0
0 0 0
0 0 0
0 0 0
0 0 0
0 0 0
0 0 0
0 0 0
0 0 0
0 0 0
0 0 0
0 0 0
0 0 0
0 0 0
0 0 0
0 0 0
0 0 0
0 0 0
0 0 0
0 0 0
0 0 0
0 0 0
0 0 0
0 0 0
0 0 0
0 0 0
0 0 0
0 0 0
0 0 0
0 0 0
0 0 0
0 0 0
0 0 0
0 0 0
0 0 0
0 0 0
0 0 0
0 0 0
0 0 0
0 0 0
0 0 0
0 0 0
0 0 0
0 0 0
0 0 0
0 0 0
0 0 0
0 0 0
0 0 0
0 0 0
0 0 0
0 0 0
0 0 0
0 0 0
0 0 0
0 0 0
0 0 0
0 0 0
0 0 0
0 0 0
0 0 0
0 0 0
0 0 0
0 0 0
0 0 0
0 0 0
0 0 0
0 0 0
0 0 0
0 0 0
0 0 0
0 0 0
0 0 0
0 0 0
0 0 0
0 0 0
0 0 0
0 0 0
0 0 0
0 0 0
0 0 0
0 0 0
0 0 0
0 0 0
0 0 0
0 0 0
0.01035 0.00585 0.00225
0.0165834 0.00911114 0.00345647
0.0203894 0.0108548 0.00405363
0.0216762 0.0111045 0.0040648
0.0204499 0.00994573 0.00353776
0.0186673 0.00852583 0.00292141
0.0176479 0.00759772 0.00250644
0.0170871 0.00696848 0.00221467
0.0168013 0.00652174 0.00199888
0.0166797 0.00618715 0.0018305
0.0166556 0.0059222 0.00169226
0.0166888 0.00570122 0.00157367
0.016755 0.00550861 0.00146835
0.0168395 0.00533488 0.00137237
0.0169337 0.00517433 0.00128338
0.0170787 0.00505278 0.00121154
0.0195295 0.00624136 0.00164519
0.0234148 0.00819425 0.00236461
0.0270613 0.00993581 0.00298926
0.0294349 0.0108915 0.00330016
0.0333738 0.012701 0.00393455
0.0394216 0.0156355 0.00499032
0.046823 0.0192256 0.00627924
0.0540358 0.0225821 0.00745637
0.0622615 0.0263897 0.00878647
0.0688776 0.0291519 0.00969169
0.0745132 0.0312658 0.0103327
0.0805923 0.0335513 0.0110279
0.087082 0.0359936 0.0117724
0.0951303 0.0392469 0.0128185
0.100525 0.0408825 0.0132241
0.106664 0.0428911 0.0137676
0.112009 0.0443778 0.0141005
0.116854 0.0455284 0.0142981
0.120249 0.0458195 0.0141617
0.124027 0.0463317 0.0141144
0.128057 0.0469832 0.0141234
0.13453 0.049002 0.014659
0.14032 0.0505774 0.0150168
0.145692 0.0518757 0.0152638
0.151943 0.0536381 0.0156864
0.159205 0.0559553 0.0163215
0.164254 0.0569442 0.0164353
0.168998 0.0577261 0.0164671
0.172422 0.0577372 0.0162019
0.175226 0.0574183 0.0158167
0.179876 0.0581665 0.0158493
0.184611 0.0589544 0.0158984
0.18804 0.0589795 0.0156535
0.190616 0.0585241 0.0152276
0.192632 0.0577702 0.0146938
0.194276 0.0568348 0.0140988
0.195672 0.0557932 0.0134725
0.1969 0.0546939 0.012834
0.198009 0.0535677 0.0121954
0.199035 0.0524343 0.0115642
0.199998 0.0513061 0.0109452
0.200913 0.050191 0.0103411
0.20179 0.0490937 0.0097535
0.202634 0.048017 0.00918326
0.20345 0.0469625 0.00863073
0.204505 0.0460943 0.00815992
0.206563 0.0458204 0.00792485
0.208157 0.0452943 0.00759657
0.209443 0.0446136 0.00721401
0.210523 0.043841 0.0068022
0.211465 0.0430169 0.00637713
0.210075 0.04091 0.00546591
0.207145 0.0380092 0.0042642
0.203182 0.0346275 0.00289671
0.197395 0.0303335 0.00120009
0.191496 0.0261208 -0.000438772
0.184128 0.0212135 -0.00231936
0.177128 0.0166774 -0.00402804
0.170335 0.0124077 -0.00560791
0.163646 0.00833615 -0.00708734
0.15586 0.00377738 -0.00873185
0.148452 -0.000421766 -0.0102131
0.1424 -0.00372022 -0.0113253
0.137221 -0.00642027 -0.0121906
0.131462 -0.00936399 -0.0131367
0.1263 -0.0118742 -0.0138998
0.11938 -0.0153 -0.015004
0.11242 -0.0186408 -0.0160589
0.104154 -0.0226088 -0.0173369
0.0974147 -0.0255881 -0.018215
0.0916621 -0.0279159 -0.0188291
0.0853986 -0.0304608 -0.0195175
0.0810779 -0.0318278 -0.0197421
0.0745862 -0.0343823 -0.0204204
0.0655005 -0.0383255 -0.0216228
0.0592753 -0.0405264 -0.0221363
0.0537748 -0.0422499 -0.0224584
0.0498918 -0.0430064 -0.0224036
0.0459219 -0.0437915 -0.0223606
0.0407792 -0.0452476 -0.0225833
0.0336842 -0.0477952 -0.0232291
0.0263981 -0.0504063 -0.0238969
0.0177788 -0.053744 -0.024845
0.010507 -0.056259 -0.0254707
0.0041277 -0.0582172 -0.0258774
-0.00167021 -0.0598119 -0.0261425
-0.00709255 -0.0611707 -0.0263171
-0.0110732 -0.0616792 -0.0261623
-0.0141332 -0.0616763 -0.0258169
-0.016506 -0.061288 -0.025328
-0.0184074 -0.0606472 -0.0247484
-0.0199833 -0.0598432 -0.0241136
-0.0213328 -0.0589365 -0.0234478
-0.0202968 -0.0567309 -0.0222954
-0.0187594 -0.0543246 -0.0210844
-0.0134133 -0.0498544 -0.0190994
-0.00885199 -0.0459657 -0.0173659
-0.0036899 -0.0418724 -0.0155809
0.0019816 -0.037612 -0.0137557
0.00804623 -0.033251 -0.0119157
0.0144397 -0.0288143 -0.0100684
0.0187802 -0.0256497 -0.00873211
0.0251585 -0.0214294 -0.00700825
0.0330028 -0.0164904 -0.00502882
0.0430913 -0.010412 -0.00263513
0.0524954 -0.004866 -0.000473103
0.0626129 0.000953378 0.00177026
0.0709835 0.00565234 0.00355853
0.0793068 0.0102198 0.00527741
0.0876326 0.0146893 0.00694095
0.0961069 0.0191524 0.0085864
0.103353 0.0228242 0.00991035
0.111009 0.0266546 0.0112827
0.117699 0.0298554 0.0123986
0.123862 0.0326989 0.0133673
0.12837 0.0345465 0.0139431
0.134146 0.03708 0.0147783
0.140845 0.0400914 0.0157904
0.146903 0.042675 0.0166274
0.153836 0.0457092 0.0176309
0.160076 0.048287 0.0184483
0.167172 0.0513044 0.0194283
0.173544 0.0538482 0.0202158
0.179402 0.0560451 0.0208614
0.184893 0.0579862 0.0214015
0.191498 0.0605277 0.0221686
0.200037 0.0641156 0.0233314
0.209137 0.0679774 0.0245929
0.218397 0.0718619 0.0258525
0.226385 0.0749425 0.0267895
0.233769 0.0776369 0.0275717
0.240416 0.0798543 0.0281616
0.246534 0.081721 0.0286097
0.25227 0.0833279 0.0289521
0.258079 0.0849613 0.0293042
0.263598 0.0863911 0.029573
0.268909 0.0876667 0.0297785
0.275525 0.0896641 0.0302606
0.28309 0.0921667 0.0309334
0.290268 0.0944181 0.0315057
0.297181 0.0964937 0.0320077
0.304994 0.0990442 0.0326882
0.313466 0.101924 0.0334897
0.320934 0.104168 0.0340368
0.326615 0.105356 0.0341731
0.332066 0.10638 0.0342426
0.338855 0.108146 0.0345971
0.344053 0.108977 0.0345891
0.349617 0.110018 0.0346642
0.353937 0.110336 0.0344607
0.358403 0.110719 0.0342815
0.363452 0.111441 0.0342371
0.37205 0.11413 0.0349445
0.381674 0.117299 0.0358221
0.390464 0.119947 0.0364927
0.397127 0.121338 0.0366738
0.405851 0.123849 0.03728
0.413008 0.125456 0.0375379
0.419524 0.12665 0.0376315
0.425576 0.127538 0.0376041
0.431848 0.12855 0.0376261
0.437721 0.129297 0.0375431
0.442309 0.129303 0.0371763
0.44754 0.129689 0.0369611
0.453236 0.130346 0.0368541
0.45927 0.131197 0.0368243
0.465554 0.132187 0.0368497
0.473 0.133808 0.0371158
0.478733 0.134426 0.0369943
0.483234 0.134336 0.0366018
0.486846 0.133748 0.0360215
0.489817 0.132811 0.0353129
0.492322 0.131632 0.0345182
0.494488 0.130288 0.0336678
0.496406 0.128833 0.0327831
0.49814 0.127306 0.0318793
0.499736 0.125735 0.0309673
0.499307 0.123094 0.0296588
0.495474 0.118667 0.027686
0.489474 0.11313 0.0253079
0.483812 0.107879 0.02306
0.47899 0.103222 0.0210622
0.473178 0.0981007 0.0189042
0.46564 0.0921201 0.0164372
0.45838 0.0864362 0.0141083
0.451279 0.0809723 0.0118863
0.445263 0.0762319 0.00996212
0.437989 0.0708977 0.00782811
0.430763 0.0657032 0.00576648
0.424562 0.0611853 0.00398221
0.418062 0.0565917 0.00218378
0.410812 0.0516501 0.000265758
0.403488 0.0467623 -0.00161625
0.396078 0.0419172 -0.00346727
0.389624 0.0376953 -0.00506445
0.382803 0.0333424 -0.00670032
0.373567 0.0277064 -0.0088189
0.363547 0.0217221 -0.0110574
0.353968 0.0160808 -0.0131488
0.343611 0.0100861 -0.0153633
0.332238 0.00360481 -0.0177494
0.320468 -0.00300753 -0.0201715
0.307262 -0.0103401 -0.0228574
0.295121 -0.0169705 -0.0252567
0.282963 -0.023532 -0.0276197
0.271828 -0.0294412 -0.0297225
0.263353 -0.0337698 -0.0312038
0.256881 -0.0369094 -0.0322185
0.251919 -0.0391553 -0.032883
0.248094 -0.0407299 -0.0332852
0.244003 -0.0424383 -0.0337373
0.24083 -0.0436062 -0.0339788
0.238348 -0.0443686 -0.0340629
0.236389 -0.044827 -0.0340295
0.234823 -0.0450577 -0.0339088
0.233555 -0.0451181 -0.0337234
0.232512 -0.0450517 -0.0334903
0.231866 -0.0447779 -0.033184
0.235803 -0.0419058 -0.0318768
0.24367 -0.0368672 -0.0297503
0.257041 -0.0288036 -0.0264805
0.275247 -0.0180952 -0.0222087
0.292651 -0.00797145 -0.0181857
0.308359 0.001067 -0.0146035
0.32644 0.0113353 -0.0105693
0.34234 0.0202424 -0.0070803
0.358033 0.0289189 -0.00370042
0.373573 0.0373943 -0.000418017
0.388993 0.0456888 0.00277475
0.403268 0.0532259 0.00565639
0.417732 0.0607629 0.00851943
0.430794 0.0673877 0.0110121
0.444318 0.0741711 0.0135483
0.457165 0.0804728 0.0158819
0.469509 0.0863964 0.0180539
0.483048 0.0929154 0.0204403
0.497895 0.100044 0.0230405
0.512345 0.106858 0.025503
0.525276 0.112673 0.0275593
0.536731 0.117572 0.0292495
0.548041 0.122302 0.0308601
0.557378 0.125871 0.0320168
0.567792 0.130012 0.0333863
0.578337 0.134146 0.0347408
0.588069 0.137764 0.0358876
0.596489 0.140556 0.0367053
0.606259 0.144081 0.0377994
0.616314 0.147688 0.0389136
0.62732 0.151786 0.0402087
0.636572 0.15486 0.0411051
0.647854 0.159009 0.0424039
0.660585 0.163952 0.0440022
0.672809 0.168566 0.0454667
0.686314 0.173794 0.0471505
0.69754 0.177685 0.0483122
0.707877 0.181008 0.0492465
0.716775 0.1835 0.0498599
0.723765 0.184875 0.0500394
0.731033 0.186462 0.050309
0.739283 0.188613 0.0507974
0.746669 0.190282 0.0511017
0.754157 0.191977 0.0514128
0.761867 0.193849 0.051799
0.768879 0.195336 0.05204
0.774485 0.196006 0.0519657
0.779029 0.196067 0.0516578
0.782771 0.195673 0.0511776
0.785906 0.194942 0.050571
0.790382 0.195055 0.0503017
0.799082 0.19761 0.0509771
0.809618 0.201316 0.0521077
0.822282 0.206273 0.0537232
0.832235 0.209629 0.0547138
0.842932 0.213473 0.0558993
0.854881 0.218031 0.0573583
0.86686 0.222566 0.058801
0.8773 0.226207 0.0598967
0.887542 0.229763 0.0609628
0.897266 0.232957 0.0618802
0.906012 0.235593 0.0625832
0.915008 0.238411 0.0633603
0.924213 0.241385 0.064202
0.934144 0.244739 0.0651848
0.945117 0.248749 0.0664266
0.955916 0.252683 0.067641
0.965582 0.255963 0.0686029
0.974377 0.258747 0.0693738
0.981473 0.260537 0.06976
0.987248 0.261558 0.06985
0.991995 0.261987 0.0697124
0.995943 0.261958 0.0694001
0.999268 0.261576 0.0689543
1.00211 0.260924 0.0684067
1.00457 0.260063 0.0677821
1.00673 0.259044 0.0670995
1.00867 0.257904 0.0663737
1.01042 0.256673 0.0656163
1.01202 0.255374 0.064836
1.01247 0.253399 0.0637969
1.00992 0.249654 0.0620735
1.00146 0.242491 0.0590356
0.990072 0.233758 0.0554119
0.975372 0.223208 0.0511048
0.958113 0.211277 0.0462826
0.939427 0.198554 0.041166
0.918739 0.184695 0.0356224
0.894702 0.1689 0.0293437
0.870308 0.152956 0.0230295
0.849336 0.139064 0.017534
0.828549 0.125372 0.0121447
0.810571 0.113395 0.00744803
0.795827 0.103435 0.00356116
0.782598 0.0944686 8.54526e-05
0.772129 0.0871867 -0.00271592
0.760467 0.079335 -0.00571438
0.74956 0.0720244 -0.00848028
0.737596 0.0642254 -0.0114107
0.726473 0.0570452 -0.0140801
0.715139 0.0498655 -0.0167272
0.702791 0.0422407 -0.0195251
0.689559 0.0342629 -0.0224412
0.675582 0.0260066 -0.0254473
0.658614 0.0161937 -0.0290317
0.638265 0.00462744 -0.0332742
0.619615 -0.00580803 -0.0370539
0.603112 -0.0148771 -0.0402809
0.587863 -0.0231159 -0.0431741
0.574435 -0.0302174 -0.0456153
0.561722 -0.0368165 -0.0478467
0.550111 -0.0427145 -0.0497995
0.538719 -0.0484083 -0.0516605
0.527479 -0.0539371 -0.0534451
0.517362 -0.0587454 -0.0549362
0.508614 -0.0627215 -0.0561005
0.499338 -0.0669403 -0.0573492
0.492228 -0.0698758 -0.0580959
0.484171 -0.073304 -0.0590256
0.475879 -0.0768399 -0.0599974
0.466339 -0.0810668 -0.0612384
0.455825 -0.0858215 -0.0626841
0.444098 -0.0912047 -0.0643627
0.429733 -0.0980663 -0.0666147
0.413968 -0.105645 -0.06913
0.400742 -0.111697 -0.071045
0.390513 -0.115975 -0.0722654
0.379276 -0.120804 -0.0736983
0.369438 -0.124791 -0.0748016
0.359549 -0.128779 -0.0759037
0.347397 -0.134044 -0.0774997
0.334594 -0.139645 -0.0792218
0.323492 -0.144224 -0.0805431
0.314793 -0.147385 -0.0813122
0.307927 -0.149471 -0.081664
0.302458 -0.150743 -0.081701
0.29716 -0.151963 -0.0817327
0.290638 -0.153882 -0.0820362
0.281134 -0.157556 -0.0830307
0.272491 -0.160709 -0.0838217
0.26563 -0.162817 -0.0842074
0.260139 -0.164127 -0.0842848
0.2557 -0.164828 -0.0841283
0.252068 -0.165065 -0.0837948
0.252456 -0.163004 -0.0825776
0.258038 -0.157936 -0.0801942
0.266616 -0.151199 -0.0771769
0.275406 -0.144454 -0.0741792
0.286441 -0.136478 -0.0707171
0.299396 -0.127517 -0.0668961
0.316563 -0.116344 -0.0622629
0.33483 -0.104742 -0.0575034
0.353473 -0.0930356 -0.0527225
0.373055 -0.0809684 -0.0478368
0.392025 -0.0693876 -0.043164
0.413519 -0.0565374 -0.0380358
0.434127 -0.0443156 -0.0331721
0.454095 -0.0325734 -0.0285143
0.474085 -0.0209403 -0.0239225
0.494182 -0.00935728 -0.019372
0.513912 0.00191885 -0.0149573
0.535502 0.0141493 -0.0101955
0.553309 0.0241384 -0.00631246
0.568754 0.0327072 -0.0029912
0.583014 0.0405416 3.37497e-05
0.598949 0.0492645 0.00338858
0.614619 0.0577705 0.00664713
0.631716 0.0670201 0.0101794
0.649054 0.0763492 0.0137299
0.666636 0.0857612 0.0173004
0.684569 0.0952805 0.0208969
0.702679 0.104842 0.0244977
0.719377 0.113501 0.0277338
0.735761 0.121953 0.0308823
0.749467 0.128789 0.0333932
0.762747 0.135346 0.0357892
0.777337 0.142606 0.0384472
0.790481 0.148977 0.0407516
0.804993 0.15608 0.0433289
0.820588 0.163744 0.0461115
0.836352 0.171482 0.0489169
0.851621 0.178962 0.0516232
0.866573 0.186292 0.0542734
0.881344 0.193553 0.0568999
0.894725 0.199949 0.0591811
0.905425 0.204775 0.0608512
0.914012 0.208366 0.062041
0.920933 0.210984 0.0628535
0.926539 0.212837 0.06337
0.932104 0.214686 0.0638874
0.936643 0.21594 0.0641748
0.945385 0.219726 0.0654542
0.955477 0.224345 0.0670622
0.966675 0.229654 0.0689424
0.975722 0.233708 0.070336
0.983057 0.236765 0.0713431
0.990057 0.239644 0.0722835
0.997833 0.243007 0.0734151
1.0052 0.246149 0.0744632
1.01121 0.2485 0.0752054
1.01717 0.250843 0.0759468
1.02416 0.253811 0.076934
1.03198 0.257292 0.0781229
1.03835 0.259936 0.0789888
1.04464 0.262543 0.0798418
1.05085 0.265123 0.0806868
1.05808 0.268322 0.0817742
1.06506 0.271393 0.0828139
1.07078 0.27373 0.0835706
1.07548 0.275478 0.0841001
1.07936 0.276752 0.0844472
1.08258 0.277646 0.084648
1.08526 0.278233 0.0847314
1.09401 0.282412 0.0862093
1.10442 0.287587 0.0880755
1.11511 0.292941 0.0900119
1.12493 0.297805 0.0917595
1.13517 0.302922 0.0936058
1.14465 0.307605 0.0952852
1.15351 0.31194 0.0968309
1.16079 0.31535 0.0980196
1.16677 0.318008 0.0989194
1.1717 0.320059 0.0995855
1.17578 0.321618 0.100062
1.17917 0.322777 0.100386
1.182 0.323612 0.100586
1.18436 0.324185 0.100685
1.18636 0.324545 0.100703
1.18806 0.324733 0.100656
1.18951 0.324781 0.100555
1.19188 0.325366 0.100661
1.19611 0.327035 0.101185
1.20295 0.330238 0.102299
1.21194 0.334688 0.103893
1.22045 0.338856 0.105376
1.22744 0.342145 0.106522
1.23643 0.346693 0.108166
1.24705 0.352295 0.110229
1.25691 0.35745 0.112118
1.26504 0.36159 0.113616
1.2751 0.36684 0.115537
1.28557 0.372421 0.117597
1.29639 0.378302 0.119786
1.30531 0.383079 0.12155
1.31268 0.386952 0.122968
1.31877 0.390083 0.124101
1.32382 0.392605 0.125001
1.328 0.394627 0.125711
1.33147 0.39624 0.126264
1.33437 0.397516 0.126688
1.33678 0.398515 0.127007
1.3388 0.399288 0.12724
1.3405 0.399874 0.127402
1.34081 0.399673 0.127266
1.33995 0.398687 0.126814
1.33704 0.396549 0.125928
1.33358 0.3941 0.124925
1.32853 0.39076 0.123586
1.32106 0.386051 0.12173
1.31271 0.380849 0.119688
1.30365 0.375132 0.117432
1.29515 0.369735 0.115296
1.28599 0.363957 0.113015
1.2774 0.35851 0.11086
1.26697 0.352116 0.108359
1.25612 0.345579 0.105818
1.24387 0.338222 0.10296
1.2305 0.33019 0.099838
1.21621 0.321603 0.0964979
1.19879 0.311269 0.0924944
1.18235 0.301448 0.0886785
1.1654 0.291378 0.0847704
1.14803 0.281091 0.080782
1.12809 0.269329 0.0762244
1.10827 0.257644 0.0716952
1.08965 0.246662 0.0674358
1.07451 0.237654 0.0639302
1.06223 0.230268 0.061045
1.04974 0.222788 0.0581264
1.03856 0.216029 0.0554818
1.02592 0.208435 0.0525157
1.01269 0.200581 0.0494594
0.995335 0.190441 0.0455322
0.975626 0.179026 0.0411218
0.952459 0.165596 0.035931
0.930556 0.152922 0.0310341
0.910245 0.141143 0.0264803
0.892844 0.130994 0.0225521
0.877199 0.121863 0.0190182
0.862969 0.113555 0.0158038
0.846667 0.104108 0.012156
0.82866 0.0937276 0.00815271
0.80941 0.0827079 0.00390904
0.792176 0.07284 0.000110878
0.774187 0.0625747 -0.00383741
0.756338 0.0524 -0.00774808
0.740235 0.0432244 -0.0112712
0.724763 0.0344101 -0.0146508
0.7114 0.0268091 -0.0175614
0.698956 0.0197412 -0.0202634
0.688886 0.014028 -0.0224412
0.677499 0.00758189 -0.0248975
0.665778 0.000960494 -0.0274198
0.65377 -0.00580976 -0.0299979
0.639216 -0.014002 -0.0331167
0.623977 -0.0225694 -0.0363797
0.607491 -0.031822 -0.0399016
0.594145 -0.0392771 -0.0427265
0.583342 -0.0452756 -0.0449871
0.573616 -0.0506596 -0.0470115
0.565733 -0.0549878 -0.0486271
0.559343 -0.0584623 -0.0499124
0.554158 -0.0612463 -0.0509306
0.549949 -0.0634722 -0.051733
0.545522 -0.0658275 -0.0525878
0.538892 -0.0694568 -0.0539424
0.53093 -0.0738336 -0.0555829
0.522413 -0.0785398 -0.0573557
0.515476 -0.0823443 -0.05878
0.506226 -0.0874622 -0.0607107
0.496614 -0.0928018 -0.0627319
0.486206 -0.0985795 -0.0649182
0.476668 -0.103869 -0.0669183
0.468883 -0.108158 -0.068532
0.462526 -0.111633 -0.0698313
0.457334 -0.114443 -0.0708745
0.449891 -0.118565 -0.0724317
0.440594 -0.123774 -0.074416
0.430832 -0.129269 -0.0765155
0.422832 -0.133761 -0.0782283
0.416276 -0.137431 -0.0796247
0.408729 -0.141688 -0.0812522
0.399268 -0.147067 -0.0833198
0.386027 -0.154652 -0.0862489
0.371834 -0.162812 -0.0894056
0.35823 -0.170714 -0.0924798
0.345896 -0.177906 -0.095283
0.333746 -0.185075 -0.0980957
0.320823 -0.192842 -0.101173
0.307862 -0.200658 -0.104274
0.295057 -0.208477 -0.107395
0.284418 -0.215075 -0.110049
0.27236 -0.222583 -0.113073
0.260207 -0.230243 -0.116175
0.250085 -0.236761 -0.118841
0.241666 -0.242323 -0.121143
0.234675 -0.247083 -0.12314
0.228881 -0.251173 -0.124882
0.224091 -0.2547 -0.126411
0.220143 -0.257756 -0.127762
0.216901 -0.260418 -0.128963
0.214251 -0.262749 -0.13004
0.212097 -0.264803 -0.131012
0.211494 -0.265979 -0.13165
0.214459 -0.265129 -0.131518
0.224992 -0.260057 -0.129796
0.239637 -0.252701 -0.127217
0.256718 -0.244074 -0.12418
0.275837 -0.234294 -0.120704
0.2967 -0.223506 -0.116839
0.316635 -0.213151 -0.113116
0.334623 -0.203823 -0.109766
0.351164 -0.195316 -0.106729
0.365155 -0.188204 -0.104214
0.376988 -0.182276 -0.102142
0.388104 -0.17671 -0.100198
0.397501 -0.172091 -0.098611
0.405448 -0.168271 -0.097325
0.412501 -0.164997 -0.0962587
0.419583 -0.161676 -0.0951673
0.430296 -0.156272 -0.093273
0.441879 -0.150369 -0.0911871
0.455659 -0.143243 -0.0886395
0.46985 -0.13586 -0.0859889
0.482904 -0.129064 -0.0835496
0.496037 -0.122156 -0.0810502
0.510704 -0.114338 -0.0781914
0.525593 -0.106361 -0.075265
0.539133 -0.0990969 -0.0725981
0.552031 -0.0921816 -0.0700632
0.563869 -0.0858215 -0.0677299
0.576354 -0.079069 -0.0652397
0.589372 -0.0719872 -0.0626162
0.600261 -0.066083 -0.0604387
0.610347 -0.0605991 -0.0584133
0.620356 -0.0551492 -0.0563998
0.630643 -0.0495007 -0.0542967
0.641122 -0.0437059 -0.0521245
0.651718 -0.0378105 -0.0499012
0.6621 -0.0320283 -0.0477202
0.67231 -0.0263354 -0.0455722
0.683074 -0.02033 -0.0433083
0.696141 -0.0130064 -0.0405327
0.708593 -0.0060169 -0.0378824
0.720533 0.000697738 -0.0353349
0.732052 0.00718638 -0.0328714
0.743219 0.0134891 -0.0304767
0.753249 0.019161 -0.0283252
0.764817 0.0257142 -0.0258323
0.776034 0.0320818 -0.0234078
0.786146 0.0378415 -0.0212166
0.79616 0.0435573 -0.0190396
0.805302 0.0487981 -0.0170447
0.812889 0.0531712 -0.015381
0.820894 0.0578079 -0.0136172
0.82755 0.061693 -0.01214
0.833079 0.0649515 -0.0109019
0.837671 0.0676879 -0.009863
0.844126 0.0715189 -0.00840464
0.851279 0.0757804 -0.00677997
0.85904 0.080426 -0.00500602
0.869142 0.0864671 -0.00269374
0.879455 0.0926832 -0.000309413
0.888135 0.098005 0.00173671
0.895434 0.10257 0.00349663
0.901562 0.106495 0.00501456
0.909816 0.111735 0.00704411
0.920582 0.118497 0.0096668
0.932587 0.126057 0.0126069
0.946672 0.13492 0.0160614
0.962615 0.144976 0.0199914
0.977256 0.154389 0.0236898
0.990789 0.163265 0.0271964
1.00439 0.17229 0.0307768
1.01911 0.182081 0.0346705
1.03277 0.191368 0.0383872
1.04552 0.200234 0.0419582
1.05643 0.208131 0.0451702
1.06576 0.215188 0.0480717
1.07371 0.221517 0.0507051
1.08259 0.228475 0.0535944
1.09415 0.236939 0.0570647
1.10724 0.246403 0.0609377
1.12386 0.258044 0.0656708
1.14281 0.271098 0.070961
1.16238 0.284646 0.0764626
1.18277 0.29871 0.082172
1.20138 0.311853 0.0875449
1.21732 0.323551 0.0923782
1.23335 0.33529 0.0972276
1.24927 0.347045 0.102096
1.2652 0.358774 0.106951
1.2811 0.370432 0.111772
1.29461 0.38077 0.116097
1.30718 0.390612 0.12024
1.31783 0.399274 0.123923
1.33017 0.408793 0.127915
1.34391 0.418993 0.132146
1.35773 0.42924 0.136393
1.36938 0.43826 0.140178
1.37917 0.446234 0.143569
1.38838 0.453734 0.146757
1.39608 0.460381 0.149626
1.4025 0.466301 0.152222
1.40781 0.471601 0.154586
1.41218 0.476373 0.156753
1.41576 0.480695 0.158753
1.41864 0.484633 0.160611
1.42094 0.488244 0.162348
1.42274 0.491575 0.163981
1.42412 0.494667 0.165527
1.42512 0.497556 0.166999
1.42582 0.500271 0.168406
1.4295 0.504612 0.17041
1.43465 0.509736 0.172697
1.43997 0.514926 0.175003
1.44435 0.519581 0.177109
1.44794 0.52378 0.179046
1.45084 0.527591 0.180839
1.45316 0.531071 0.182508
1.45498 0.53427 0.184074
1.45745 0.537799 0.185756
1.46047 0.541603 0.187534
1.4629 0.545067 0.189186
1.46481 0.548241 0.19073
1.4663 0.551167 0.192182
1.46741 0.553882 0.193557
1.46927 0.556977 0.195065
1.47177 0.560388 0.196682
1.47375 0.563505 0.19819
1.47692 0.567592 0.20011
1.48081 0.572213 0.202248
1.48636 0.577854 0.204777
1.4926 0.584179 0.207611
1.49777 0.589889 0.210215
1.50339 0.595968 0.212976
1.51212 0.604182 0.216588
1.52116 0.612861 0.22042
1.53014 0.621606 0.224294
1.53906 0.630425 0.228211
1.54656 0.638415 0.231821
1.55282 0.645689 0.235166
1.55802 0.652343 0.238283
1.56369 0.659373 0.241554
1.56978 0.666741 0.244967
1.57483 0.673501 0.248155
1.57898 0.679734 0.251151
1.58233 0.685509 0.25398
1.58547 0.691348 0.256867
1.5889 0.69725 0.259758
1.59164 0.702748 0.262501
1.59377 0.707893 0.265117
1.5973 0.714119 0.268177
1.60011 0.71993 0.271087
1.60373 0.726288 0.274208
1.60663 0.732221 0.277176
1.6089 0.737783 0.280009
1.61114 0.743519 0.282943
1.61283 0.748929 0.28576
1.61404 0.754055 0.288474
1.61483 0.758931 0.291098
1.61525 0.763587 0.293644
1.61535 0.76805 0.29612
1.61517 0.772343 0.298536
1.61475 0.776485 0.300898
1.61073 0.778179 0.30232
1.60642 0.779491 0.303565
1.60011 0.779685 0.304424
1.59152 0.778382 0.304721
1.58235 0.776648 0.304847
1.5722 0.774023 0.304593
1.55981 0.769695 0.303652
1.54744 0.765253 0.302644
1.53372 0.7598 0.301231
1.52163 0.755264 0.300133
1.5096 0.750626 0.29897
1.49902 0.746802 0.29809
1.48696 0.741872 0.296764
1.47543 0.737323 0.295587
1.46163 0.731287 0.293842
1.44861 0.725756 0.292286
1.43357 0.718846 0.290192
1.41716 0.711133 0.287804
1.40058 0.703208 0.285312
1.38519 0.695994 0.283074
1.36851 0.687973 0.280529
1.35279 0.680304 0.278064
1.33508 0.671664 0.275281
1.31645 0.662369 0.27223
1.29914 0.653618 0.269323
1.28321 0.64565 0.266692
1.26846 0.638358 0.264299
1.25473 0.631645 0.262112
1.24282 0.625759 0.260175
1.23155 0.620244 0.258371
1.2219 0.615643 0.256895
1.20928 0.609187 0.25471
1.19743 0.60317 0.252682
1.18302 0.595694 0.250121
1.16534 0.586338 0.246868
1.14053 0.573214 0.242298
1.11611 0.560194 0.237729
1.09532 0.549162 0.233859
1.07645 0.539323 0.230441
1.05824 0.529765 0.2271
1.0417 0.521092 0.224065
1.02767 0.513821 0.221535
1.01579 0.507749 0.219442
1.00571 0.502698 0.21772
0.997176 0.498514 0.216317
0.98967 0.495069 0.215218
0.981659 0.491602 0.214167
0.973452 0.48813 0.213136
0.966415 0.485315 0.212346
0.959004 0.482388 0.211537
0.951256 0.479366 0.210713
0.943201 0.476263 0.209878
0.933814 0.472444 0.208788
0.924332 0.468654 0.207725
0.913704 0.46424 0.206436
0.901715 0.459211 0.204953
0.888911 0.453727 0.203302
0.875407 0.447841 0.2015
0.862324 0.442238 0.199812
0.849582 0.436871 0.19822
0.836104 0.431064 0.19646
0.824003 0.426132 0.195045
0.810556 0.420531 0.193402
0.797424 0.41513 0.191837
0.786058 0.410695 0.190626
0.7736 0.4059 0.189339
0.759715 0.400357 0.187785
0.746111 0.394973 0.186293
0.731199 0.388887 0.184546
0.716686 0.383014 0.182877
0.701586 0.376722 0.181032
0.687832 0.371243 0.179505
0.674301 0.365873 0.178015
0.659387 0.359721 0.176233
0.64485 0.35375 0.174512
0.632218 0.34881 0.173169
0.62123 0.344763 0.172154
0.610071 0.3406 0.171092
0.600354 0.337223 0.170321
0.591878 0.334526 0.169802
0.584467 0.332413 0.1695
0.577157 0.330267 0.169165
0.566769 0.326289 0.168121
0.551388 0.319455 0.165996
0.535713 0.312474 0.16382
0.522182 0.306653 0.16207
0.510495 0.301834 0.16069
0.499648 0.29738 0.159422
0.486964 0.291975 0.157817
0.474418 0.286594 0.15621
0.46359 0.282148 0.15495
0.451956 0.277123 0.15344
0.441941 0.272982 0.152259
0.433309 0.269598 0.151359
0.425857 0.266862 0.150701
0.41941 0.26468 0.150251
0.41382 0.26297 0.149978
0.408959 0.261664 0.149857
0.405661 0.261187 0.150036
0.406843 0.263245 0.151176
0.413711 0.26843 0.153478
0.42508 0.276197 0.156765
0.440253 0.286147 0.16088
0.45749 0.297473 0.165562
0.479527 0.311902 0.171505
0.502658 0.327302 0.17789
0.526158 0.343186 0.18451
0.551688 0.360501 0.191721
0.575097 0.376625 0.198468
0.595897 0.391364 0.204703
0.615323 0.405505 0.210745
0.63432 0.419483 0.216732
0.651399 0.432468 0.22236
0.668391 0.445468 0.227997
0.6844 0.45788 0.233397
0.698936 0.469543 0.23853
0.711281 0.479966 0.243198
0.722675 0.489938 0.247715
0.735168 0.500785 0.252606
0.747687 0.511815 0.257597
0.761224 0.523665 0.262938
0.776164 0.536395 0.268609
0.792328 0.549881 0.274558
0.809127 0.563933 0.280748
0.823509 0.576586 0.286411
0.83818 0.589347 0.292088
0.852731 0.602146 0.297791
0.866176 0.614348 0.303275
0.87897 0.626021 0.30852
0.891916 0.637863 0.313834
0.908357 0.651727 0.319864
0.924501 0.665455 0.325836
0.941433 0.679698 0.33199
0.958028 0.693745 0.338057
0.973454 0.706851 0.343708
0.986665 0.718604 0.34885
0.998985 0.7298 0.353775
1.01363 0.742344 0.359159
1.02825 0.754806 0.364484
1.04279 0.767392 0.369877
1.05937 0.781302 0.375751
1.0757 0.795444 0.381775
1.09081 0.808738 0.387456
1.10382 0.820707 0.392639
1.11501 0.831518 0.39739
1.1246 0.841318 0.401767
1.13379 0.850778 0.405992
1.14165 0.859386 0.409903
1.14833 0.867248 0.413541
1.15497 0.87498 0.417104
1.16174 0.88295 0.420782
1.16766 0.890638 0.424413
1.17362 0.898235 0.427981
1.17962 0.905734 0.43148
1.18586 0.913528 0.43511
1.1921 0.92119 0.438657
1.19857 0.929132 0.442327
1.2062 0.937808 0.446246
1.21367 0.946229 0.450031
1.22218 0.955296 0.454027
1.23071 0.964471 0.458075
1.24017 0.974195 0.46229
1.24835 0.983056 0.466189
1.25752 0.992476 0.470251
1.26578 1.00154 0.474236
1.27292 1.00984 0.477943
1.28116 1.01874 0.481821
1.29039 1.02816 0.485832
1.30049 1.03801 0.489941
1.31053 1.04783 0.494036
1.31969 1.05729 0.498044
1.32931 1.06732 0.502301
1.33853 1.07682 0.506302
1.34659 1.08549 0.510002
1.35362 1.09343 0.513437
1.35973 1.10072 0.516637
1.36504 1.10743 0.519628
1.36962 1.11362 0.522433
1.37403 1.11991 0.525321
1.37782 1.12574 0.528045
1.38153 1.13174 0.530872
1.38565 1.13848 0.53405
1.38964 1.14534 0.537316
1.39305 1.15176 0.540422
1.39593 1.15778 0.543383
1.39834 1.16343 0.546213
1.40032 1.16876 0.548924
1.40193 1.1738 0.551526
1.40321 1.17856 0.55403
1.40418 1.18308 0.556443
1.40488 1.18737 0.558774
1.40534 1.19146 0.561028
1.40559 1.19536 0.563213
1.40564 1.19909 0.565332
1.40552 1.20267 0.567391
1.40577 1.20669 0.569645
1.40633 1.21114 0.572081
1.40666 1.21538 0.574442
1.4073 1.22004 0.576981
1.40873 1.22567 0.57994
1.40983 1.23103 0.582796
1.41065 1.23614 0.585557
1.4112 1.24101 0.588231
1.41151 1.24567 0.590823
1.41318 1.25193 0.594085
1.41607 1.2597 0.597978
1.41903 1.26768 0.601971
1.42204 1.27585 0.606061
1.42457 1.28362 0.609996
1.42667 1.291 0.613789
1.42838 1.29802 0.617451
1.42974 1.30473 0.62099
1.43077 1.31113 0.624415
1.43151 1.31725 0.627734
1.43199 1.32311 0.630953
1.43223 1.32872 0.634079
1.43117 1.33289 0.636634
1.42837 1.33508 0.638408
1.42348 1.33482 0.639202
1.4178 1.33349 0.639548
1.412 1.33125 0.639403
1.40556 1.32807 0.638844
1.39805 1.32339 0.637645
1.38961 1.31732 0.635834
1.38093 1.31058 0.63368
1.37157 1.3026 0.63095
1.36267 1.29471 0.628164
1.35374 1.28629 0.625073
1.34417 1.27723 0.621721
1.33426 1.26716 0.617844
1.32461 1.25676 0.613715
1.31573 1.24667 0.609596
1.30597 1.23547 0.604991
1.2955 1.22328 0.599925
1.28537 1.21134 0.594921
1.27629 1.19989 0.589984
1.26818 1.18889 0.585107
1.25981 1.17745 0.580008
1.24973 1.16504 0.574639
1.2397 1.15237 0.569088
1.22781 1.1383 0.563028
1.21634 1.12419 0.556839
1.20448 1.10968 0.550466
1.1935 1.09572 0.544227
1.18185 1.08087 0.537554
1.17033 1.06621 0.530951
1.16096 1.05304 0.524822
1.15343 1.04116 0.519121
1.14522 1.02863 0.513141
1.13786 1.01689 0.507464
1.13098 1.0054 0.501837
1.12453 0.994114 0.496252
1.11869 0.983444 0.490917
1.11335 0.973308 0.485805
1.10934 0.964119 0.481027
1.10647 0.955745 0.476543
1.10249 0.946687 0.471826
1.09965 0.938441 0.467402
1.09776 0.930888 0.463233
1.09572 0.92342 0.459136
1.09449 0.916549 0.455263
1.09393 0.910188 0.451583
1.09395 0.904264 0.448073
1.09443 0.898714 0.444711
1.09531 0.893484 0.441478
1.09651 0.888529 0.43836
1.09797 0.883811 0.435341
1.09965 0.879297 0.432412
1.10151 0.874961 0.429562
1.10351 0.870779 0.426782
1.10661 0.867268 0.424236
1.11086 0.864997 0.42225
1.11604 0.863812 0.420769
1.12174 0.862904 0.419377
1.12812 0.862911 0.418425
1.13506 0.863742 0.417877
1.14344 0.865853 0.417871
1.15191 0.8682 0.417993
1.16062 0.871137 0.418426
1.16918 0.873891 0.418774
1.17683 0.876339 0.419076
1.18583 0.879969 0.419871
1.19483 0.883747 0.420753
1.205 0.888567 0.422071
1.21523 0.893818 0.423631
1.22528 0.899086 0.425223
1.23543 0.904805 0.42706
1.2469 0.911865 0.429481
1.25832 0.919249 0.432093
1.26971 0.926968 0.434897
1.27987 0.934132 0.437552
1.28991 0.941295 0.440221
1.2986 0.947572 0.442568
1.30681 0.954031 0.445089
1.31426 0.960239 0.447572
1.32195 0.966668 0.450143
1.32896 0.972897 0.452696
1.33615 0.979983 0.455712
1.34564 0.989187 0.459601
1.35426 0.998043 0.46341
1.36298 1.00699 0.467248
1.37096 1.01567 0.471033
1.37911 1.02448 0.47486
1.38662 1.03307 0.478653
1.39356 1.0415 0.482432
1.39954 1.04927 0.48597
1.40515 1.057 0.48954
1.41042 1.06472 0.493149
1.41541 1.07246 0.496808
1.42092 1.08051 0.500562
1.42614 1.08858 0.504359
1.4311 1.09667 0.508206
1.43533 1.10423 0.511861
1.43942 1.1119 0.515592
1.44338 1.11967 0.519401
1.44724 1.12757 0.52329
1.45101 1.13559 0.52726
1.45667 1.14477 0.531577
1.46207 1.15396 0.53593
1.46905 1.16456 0.540821
1.47622 1.17569 0.545961
1.48359 1.18731 0.55134
1.49004 1.19822 0.556454
1.49688 1.20924 0.561548
1.50464 1.22094 0.566855
1.51205 1.23252 0.572135
1.51916 1.24399 0.577395
1.526 1.25539 0.58264
1.53262 1.26673 0.587876
1.53961 1.2781 0.593046
1.54579 1.28878 0.59796
1.55183 1.29946 0.602881
1.55715 1.30952 0.607571
1.56181 1.31902 0.612049
1.56815 1.32926 0.616631
1.57552 1.34014 0.621357
1.58321 1.35093 0.625961
1.5901 1.36102 0.630304
1.59626 1.37047 0.634409
1.60175 1.37932 0.638297
1.60773 1.3882 0.642094
1.61371 1.39712 0.645905
1.6195 1.40541 0.649385
1.62469 1.41316 0.652672
1.62934 1.42042 0.65578
1.6335 1.42722 0.658726
1.63722 1.4336 0.661523
1.64052 1.4396 0.664181
1.64346 1.44524 0.666713
1.64605 1.45056 0.669129
1.64834 1.45557 0.671436
1.65034 1.46031 0.673642
1.65209 1.46479 0.675756
1.6536 1.46902 0.677783
1.65489 1.47304 0.67973
1.65599 1.47685 0.681602
1.65691 1.48046 0.683403
1.65767 1.4839 0.685139
1.65828 1.48717 0.686813
1.65908 1.49013 0.68827
1.65975 1.49293 0.689673
1.66127 1.49603 0.691055
1.66324 1.49953 0.692565
1.66564 1.50342 0.694192
1.6697 1.50883 0.696299
1.67434 1.51428 0.698303
1.67922 1.51994 0.70036
1.68368 1.5252 0.702282
1.68777 1.5301 0.704081
1.69277 1.53582 0.706121
1.69828 1.54149 0.708021
1.70336 1.54674 0.709781
1.70866 1.55218 0.711581
1.71355 1.55721 0.713248
1.71806 1.56187 0.714792
1.72221 1.5662 0.716223
1.72605 1.57021 0.717552
1.73022 1.57449 0.718948
1.7347 1.57902 0.7204
1.74075 1.58486 0.722215
1.74698 1.59081 0.724036
1.75275 1.59631 0.725706
1.75937 1.60248 0.727535
1.76552 1.60817 0.729206
1.77123 1.61342 0.730732
1.77716 1.6188 0.732267
1.78269 1.62376 0.733666
1.78783 1.62835 0.734941
1.79263 1.63258 0.736103
1.79772 1.63701 0.737292
1.80326 1.64127 0.738286
1.80844 1.64519 0.73917
1.81329 1.64878 0.739953
1.81783 1.65207 0.740644
1.8221 1.65509 0.741252
1.8261 1.65785 0.741784
1.82949 1.65918 0.741688
1.83159 1.65902 0.7411
1.83312 1.65796 0.74017
1.8335 1.65557 0.7388
1.83232 1.65109 0.736681
1.83021 1.64551 0.734185
1.82775 1.63975 0.73167
1.82495 1.63381 0.729136
1.82247 1.62823 0.72671
1.82028 1.62296 0.724385
1.81837 1.61801 0.722156
1.8167 1.61333 0.720019
1.81527 1.60892 0.717969
1.81405 1.60476 0.716001
1.81303 1.60082 0.714111
1.81219 1.59711 0.712293
1.81152 1.59359 0.710545
1.81099 1.59026 0.708863
1.80691 1.58362 0.706186
1.80018 1.57444 0.702706
1.79345 1.56531 0.69924
1.78738 1.55678 0.695938
1.7806 1.54772 0.692481
1.77319 1.53815 0.688872
1.7665 1.52922 0.685436
1.7605 1.52089 0.682169
1.75513 1.51313 0.679063
1.74571 1.5019 0.674897
1.7326 1.48742 0.669695
1.71483 1.46872 0.663088
1.69456 1.44798 0.655787
1.67341 1.42647 0.648152
1.65179 1.40496 0.640514
1.63187 1.38444 0.633004
1.61293 1.36428 0.625422
1.5939 1.34392 0.617669
1.5755 1.324 0.60997
1.55886 1.30513 0.602464
1.5415 1.28536 0.594524
1.52599 1.2667 0.586812
1.5122 1.24908 0.579327
1.5 1.23243 0.572061
1.48928 1.21667 0.565004
1.48047 1.20232 0.558388
1.47269 1.1891 0.552206
1.46534 1.17582 0.545905
1.45842 1.16251 0.53949
1.45088 1.14798 0.532468
1.444 1.13359 0.525388
1.43831 1.1199 0.5185
1.43365 1.10683 0.511785
1.4297 1.09464 0.505446
1.42704 1.08347 0.499475
1.4255 1.0732 0.493832
1.4249 1.06369 0.488478
1.42507 1.05485 0.48338
1.42591 1.04658 0.478509
1.42888 1.0394 0.473933
1.43337 1.03338 0.469789
1.43962 1.02889 0.466263
1.44684 1.02517 0.463031
1.45587 1.02321 0.460544
1.46611 1.02304 0.458909
1.47966 1.02648 0.45884
1.49371 1.03114 0.4594
1.50898 1.03725 0.460595
1.52478 1.04408 0.462122
1.54145 1.05251 0.464422
1.55837 1.06188 0.467204
1.57734 1.07396 0.471205
1.59824 1.0886 0.476341
1.62166 1.10583 0.482529
1.6449 1.12346 0.488925
1.66809 1.14153 0.495532
1.69 1.15883 0.501854
1.71152 1.17611 0.508182
1.73206 1.19279 0.514282
1.75055 1.20832 0.520021
1.76848 1.22353 0.525634
1.78522 1.23784 0.530902
1.8009 1.25136 0.535868
1.81567 1.26418 0.540566
1.82888 1.27575 0.544804
1.84109 1.28695 0.548976
1.85166 1.29724 0.552901
1.86187 1.30725 0.556713
1.87219 1.31776 0.560766
1.8822 1.328 0.564704
1.89239 1.33876 0.568883
1.90229 1.34925 0.572942
1.91292 1.36107 0.57759
1.92348 1.37358 0.582605
1.93351 1.38599 0.58763
1.94383 1.3989 0.592859
1.95315 1.41091 0.597746
1.96156 1.4221 0.602324
1.96953 1.43365 0.607161
1.97746 1.44501 0.611883
1.98462 1.45564 0.616332
1.99166 1.46645 0.620882
1.99995 1.47883 0.626029
2.011 1.49338 0.631805
2.02232 1.50869 0.637898
2.03404 1.52438 0.644076
2.04535 1.54029 0.65041
2.0571 1.55654 0.656798
2.06996 1.57356 0.663323
2.08316 1.59122 0.670057
2.09672 1.60903 0.67674
2.10996 1.62653 0.683262
2.12294 1.64375 0.689629
2.13567 1.66072 0.695845
2.14828 1.67792 0.702155
2.16073 1.69487 0.708305
2.17241 1.71125 0.71426
2.18342 1.72711 0.720043
2.19369 1.742 0.72543
2.20329 1.75597 0.730451
2.2124 1.76964 0.735383
2.22121 1.78359 0.740491
2.22977 1.79784 0.745774
2.23779 1.81129 0.750732
2.24531 1.82399 0.755386
2.25236 1.83598 0.759758
2.25898 1.84731 0.763867
2.26538 1.85859 0.767979
2.27139 1.86926 0.771849
2.27705 1.87936 0.775494
2.28237 1.88892 0.778928
2.28737 1.89796 0.782166
2.29209 1.90653 0.78522
2.29653 1.91464 0.788101
2.30071 1.92233 0.790821
2.30466 1.92962 0.79339
2.30838 1.93652 0.795817
2.3119 1.94307 0.798111
2.31499 1.94869 0.800044
2.31746 1.95283 0.801402
2.32016 1.95461 0.801484
2.32207 1.95449 0.800831
2.32408 1.95271 0.7993
2.32581 1.94927 0.797011
2.32773 1.94435 0.793905
2.32991 1.93912 0.790569
2.3317 1.93292 0.786859
2.33334 1.92531 0.782473
2.33466 1.91686 0.777756
2.33548 1.90704 0.772483
2.33583 1.89485 0.766125
2.33561 1.88093 0.759036
2.33585 1.86779 0.752207
2.3365 1.85536 0.745629
2.33755 1.84361 0.739292
2.33896 1.83249 0.733184
2.33978 1.81961 0.726315
2.34081 1.80684 0.719456
2.34113 1.79186 0.711618
2.34081 1.77582 0.703377
2.3394 1.7586 0.694774
2.33798 1.74165 0.686295
2.33556 1.7236 0.677445
2.33204 1.70395 0.667985
2.32818 1.68453 0.658683
2.3254 1.6664 0.649793
2.32137 1.64753 0.640747
2.31701 1.6288 0.631814
2.3138 1.61136 0.623294
2.31163 1.5951 0.615169
2.31042 1.57992 0.607416
2.31005 1.56573 0.600014
2.31029 1.55194 0.592697
2.31125 1.539 0.5857
2.31199 1.52598 0.578691
2.31171 1.512 0.571361
2.31149 1.49853 0.564286
2.31034 1.48417 0.556896
2.31009 1.47078 0.549857
2.30913 1.45743 0.542956
2.30749 1.44413 0.536187
2.30444 1.43044 0.529438
2.30079 1.41641 0.522595
2.29824 1.40342 0.516113
2.29586 1.39089 0.509845
2.29363 1.37879 0.503775
2.2915 1.36708 0.497887
2.29025 1.35619 0.492299
2.28976 1.34604 0.486986
2.28995 1.33655 0.481922
2.29071 1.32764 0.477084
2.29196 1.31925 0.47245
2.29364 1.31133 0.468004
2.29569 1.30457 0.464127
2.30052 1.30154 0.461833
2.30768 1.30072 0.46039
2.31518 1.30087 0.459409
2.32378 1.30202 0.458811
2.33335 1.30406 0.458551
2.34293 1.3064 0.458445
2.35336 1.30952 0.458629
2.3637 1.31283 0.458928
2.37397 1.31633 0.459339
2.38425 1.32045 0.460071
2.39445 1.32475 0.460901
2.40469 1.32965 0.462043
2.41497 1.33514 0.463486
2.42517 1.34075 0.465002
2.43557 1.34742 0.467032
2.4471 1.35598 0.469895
2.45823 1.36597 0.473552
2.47048 1.37777 0.477983
2.48414 1.39227 0.483602
2.49704 1.40709 0.489475
2.50931 1.42232 0.495628
2.52084 1.43751 0.501843
2.53098 1.4524 0.508081
2.54039 1.46689 0.5142
2.54886 1.48049 0.519977
2.55649 1.49327 0.52544
2.56363 1.50586 0.530861
2.57064 1.51886 0.536502
2.57657 1.53146 0.542092
2.5828 1.54514 0.548176
2.58934 1.55987 0.554738
2.59524 1.57484 0.561512
2.6012 1.5903 0.568507
2.60724 1.60625 0.575718
2.6127 1.62148 0.582636
2.61737 1.63648 0.589554
2.62191 1.65144 0.59646
2.62634 1.66638 0.603354
2.63032 1.68069 0.609991
2.63387 1.69441 0.616382
2.63703 1.70756 0.622542
2.63982 1.72016 0.62848
2.64228 1.73226 0.634209
2.64443 1.74386 0.639737
2.64629 1.75499 0.645076
2.64788 1.76568 0.650233
2.64922 1.77594 0.655217
2.65034 1.7858 0.660036
2.6523 1.79772 0.665719
2.65668 1.81349 0.672817
2.66146 1.82984 0.680091
2.66698 1.84799 0.688078
2.67326 1.86788 0.696732
2.67913 1.88696 0.705011
2.68462 1.90524 0.712933
2.68977 1.92277 0.720512
2.69458 1.93958 0.727764
2.69909 1.95568 0.734704
2.70331 1.97112 0.741345
2.70725 1.98591 0.747702
2.71095 2.00008 0.753788
2.7144 2.01366 0.759615
2.71763 2.02667 0.765196
2.72065 2.03915 0.770541
2.72347 2.0511 0.775663
2.72611 2.06255 0.780571
2.72858 2.07353 0.785275
2.73088 2.08405 0.789786
2.73339 2.09469 0.794269
2.73609 2.10543 0.798716
2.73863 2.11571 0.802969
2.74103 2.12556 0.807039
2.74328 2.13499 0.810934
2.7454 2.14403 0.814661
2.74739 2.15268 0.81823
2.74927 2.16096 0.821648
2.75104 2.1689 0.824922
2.7527 2.1765 0.828059
2.75426 2.18378 0.831065
2.7559 2.19158 0.834287
2.75745 2.19905 0.837376
2.7589 2.20621 0.840336
2.76058 2.21358 0.84329
2.76218 2.22063 0.846118
2.76382 2.22706 0.848599
2.76489 2.23189 0.850531
2.76585 2.23535 0.851823
2.76628 2.23734 0.852623
2.76596 2.23594 0.852067
2.76518 2.23328 0.851096
2.76382 2.22975 0.849954
2.76185 2.22423 0.848087
2.75899 2.2163 0.845407
2.75559 2.20656 0.842037
2.75171 2.19622 0.838549
2.74719 2.18447 0.834596
2.74237 2.17188 0.830298
2.73777 2.15982 0.82613
2.73306 2.14775 0.821957
2.72757 2.13461 0.817501
2.72152 2.12014 0.812546
2.71475 2.10467 0.807289
2.70796 2.0893 0.802023
2.7007 2.07271 0.796234
2.6935 2.05629 0.790438
2.68625 2.03927 0.784282
2.67911 2.02247 0.778127
2.67208 2.00588 0.771974
2.66519 1.98951 0.765822
2.65808 1.97277 0.759484
2.65116 1.95627 0.753152
2.64443 1.94001 0.746827
2.63828 1.92459 0.740715
2.63269 1.90999 0.734817
2.62656 1.89436 0.728498
2.61956 1.87781 0.721891
2.61249 1.86159 0.715424
2.60539 1.84505 0.708748
2.59902 1.82944 0.70232
2.59292 1.81472 0.696241
2.58749 1.80085 0.6904
2.58271 1.78778 0.684794
2.57677 1.77472 0.679432
2.56981 1.76108 0.673971
2.5614 1.74679 0.668474
2.55344 1.73275 0.662961
2.54576 1.71945 0.657738
2.53885 1.70696 0.652739
2.5318 1.69451 0.64776
2.5255 1.68283 0.643002
2.5199 1.67189 0.638458
2.51495 1.66163 0.634121
2.51061 1.65202 0.629982
2.50684 1.64301 0.626033
2.50359 1.63457 0.622263
2.5014 1.62782 0.619162
2.49953 1.62243 0.616707
2.49851 1.61852 0.61486
2.49763 1.61578 0.613596
2.49745 1.61436 0.612885
2.49733 1.61301 0.612202
2.49754 1.61231 0.611793
2.49895 1.61302 0.611894
2.50055 1.61423 0.612223
2.50203 1.61534 0.61252
2.5037 1.61694 0.613037
2.50613 1.61922 0.613761
2.50957 1.6227 0.614919
2.51304 1.62651 0.616241
2.51683 1.63025 0.617458
2.52093 1.63488 0.61908
2.52529 1.64035 0.621088
2.5302 1.64624 0.623197
2.53503 1.65231 0.625411
2.53978 1.65856 0.62773
2.54478 1.6656 0.630399
2.55121 1.67474 0.633867
2.55746 1.6839 0.637367
2.56387 1.6937 0.641149
2.56979 1.70291 0.644708
2.57591 1.71277 0.64855
2.58189 1.72266 0.652415
2.58742 1.73197 0.656063
2.59252 1.74075 0.659509
2.59757 1.74964 0.663008
2.60295 1.75925 0.666795
2.60827 1.76893 0.670616
2.61356 1.7787 0.674469
2.61918 1.78915 0.678585
2.62512 1.80027 0.682946
2.63248 1.81385 0.688225
2.63971 1.82731 0.693435
2.64683 1.84066 0.698575
2.65382 1.85454 0.703985
2.66149 1.86952 0.709755
2.66944 1.88494 0.715627
2.67767 1.90143 0.721927
2.68655 1.91888 0.728483
2.69569 1.93661 0.735047
2.70432 1.95339 0.741198
2.7133 1.9712 0.747703
2.72256 1.98924 0.754168
2.73133 2.00631 0.760205
2.73986 2.024 0.766548
2.74881 2.04267 0.773176
2.75732 2.06036 0.779361
2.76578 2.07768 0.785288
2.77456 2.09518 0.79111
2.7838 2.11361 0.797147
2.79295 2.13157 0.802866
2.80169 2.14964 0.808692
2.81036 2.16724 0.814197
2.81883 2.18471 0.819603
2.82691 2.20121 0.824576
2.83463 2.21681 0.829144
2.842 2.23155 0.833332
2.84906 2.24548 0.837165
2.85666 2.26039 0.841159
2.86437 2.27615 0.845418
2.87234 2.29189 0.84943
2.87997 2.30673 0.853039
2.88771 2.32239 0.856878
2.8954 2.33755 0.860368
2.90298 2.35266 0.86376
2.91045 2.36772 0.867049
2.91782 2.38273 0.870229
2.92509 2.39768 0.873295
2.93227 2.41209 0.875993
2.93936 2.42598 0.878329
2.94613 2.43951 0.880549
2.95282 2.45254 0.882424
2.95919 2.46478 0.883959
2.96529 2.47626 0.88518
2.97112 2.48705 0.88611
2.9767 2.49718 0.886771
2.98206 2.50669 0.887183
2.98759 2.51668 0.887567
2.99354 2.52841 0.888367
2.9998 2.54121 0.889263
3.00616 2.55473 0.890235
3.01257 2.56891 0.891244
3.01861 2.58216 0.891854
3.02429 2.59453 0.8921
3.02983 2.60684 0.892198
3.03562 2.62057 0.892509
3.04131 2.63427 0.892543
3.0466 2.64704 0.89219
3.05153 2.65893 0.891483
3.0561 2.67003 0.890455
3.06037 2.68039 0.889135
3.06433 2.69005 0.88755
3.06803 2.69909 0.885725
3.07154 2.70765 0.883592
3.07482 2.71565 0.881258
3.07788 2.72314 0.878741
3.08073 2.73016 0.876059
3.0834 2.73674 0.873229
3.08589 2.74293 0.870265
3.08823 2.74874 0.867181
3.09042 2.75421 0.863989
3.09257 2.75995 0.860928
3.09492 2.76726 0.858234
3.0976 2.7772 0.856308
3.10007 2.78708 0.854365
3.10225 2.79632 0.852184
3.10415 2.80498 0.84979
3.1058 2.8131 0.847204
3.10721 2.82074 0.844446
3.10841 2.82792 0.841535
3.10941 2.83469 0.838487
3.11023 2.84108 0.835317
3.11089 2.84713 0.832037
3.11138 2.85286 0.828662
3.11172 2.85829 0.82508
3.1118 2.86287 0.820961
3.11167 2.86665 0.816462
3.11145 2.87029 0.811829
3.11116 2.87382 0.807192
3.11082 2.87725 0.802554
3.11042 2.88057 0.797918
3.10997 2.8838 0.793288
3.10937 2.88635 0.788447
3.10852 2.88767 0.783078
3.10747 2.88784 0.777223
3.1065 2.88818 0.771482
3.10539 2.88747 0.765403
3.10416 2.88518 0.759252
3.10277 2.88077 0.753161
3.10151 2.87618 0.747371
3.10038 2.8713 0.74229
3.09932 2.86615 0.737564
3.09841 2.86137 0.732993
3.09763 2.85692 0.728667
3.09696 2.8527 0.724768
3.09632 2.84857 0.721562
3.09562 2.844 0.718411
3.09495 2.83957 0.715638
3.09424 2.83478 0.712724
3.09358 2.8302 0.709998
3.09299 2.82587 0.707364
3.09246 2.82178 0.70482
3.092 2.81791 0.70236
3.0916 2.81425 0.69998
3.09126 2.8108 0.697678
3.09092 2.80746 0.695526
3.09064 2.8043 0.693444
3.0904 2.80132 0.691427
3.09021 2.79849 0.689473
3.09006 2.79583 0.687579
3.08995 2.7933 0.685741
3.08989 2.79092 0.683957
3.08985 2.78867 0.682225
3.08986 2.78654 0.680542
3.08989 2.78453 0.678905
3.08974 2.78141 0.676831
3.08945 2.77684 0.673967
3.08899 2.77079 0.670412
3.08852 2.76448 0.666743
3.08826 2.75863 0.663149
3.0881 2.75312 0.659683
3.08805 2.74792 0.656339
3.0881 2.74303 0.653111
3.08835 2.73854 0.649942
3.08868 2.73432 0.646877
3.0891 2.73034 0.643911
3.0896 2.7266 0.641038
3.09051 2.72396 0.638413
3.09158 2.72161 0.635813
3.09271 2.7194 0.633275
3.09389 2.71733 0.630796
3.09512 2.71538 0.628373
3.09639 2.71355 0.626002
3.09771 2.71183 0.623681
3.10001 2.71229 0.621677
3.10325 2.71478 0.619939
3.10747 2.71975 0.618651
3.11201 2.72487 0.617062
3.11683 2.73057 0.615442
3.12167 2.73652 0.61385
3.12629 2.74196 0.612077
3.13083 2.74706 0.610091
3.13582 2.75337 0.60824
3.1412 2.76127 0.606762
3.14646 2.76917 0.605209
3.15153 2.77698 0.603637
3.15636 2.78417 0.601746
3.1609 2.79072 0.599623
3.16518 2.79669 0.597294
3.16947 2.80338 0.595265
3.1735 2.80948 0.593027
3.17729 2.81506 0.590605
3.18129 2.82208 0.588664
3.18538 2.83035 0.58722
3.18938 2.83917 0.585986
3.19315 2.84786 0.584705
3.1966 2.85583 0.583065
3.19997 2.86439 0.581648
3.20327 2.87348 0.580344
3.20619 2.88181 0.578753
3.20905 2.89068 0.577186
3.21168 2.89942 0.575482
3.21393 2.90744 0.573512
3.21584 2.91483 0.571311
3.21758 2.92222 0.569034
3.21912 2.92957 0.566578
3.2206 2.93761 0.564382
3.22173 2.94497 0.561858
3.22265 2.95234 0.559263
3.22324 2.9591 0.556375
3.22357 2.96607 0.552901
3.22374 2.9739 0.549173
3.22351 2.98108 0.545155
3.22303 2.9883 0.54111
3.22226 2.99586 0.536811
3.22115 3.00336 0.532371
3.2197 3.01038 0.527807
3.21806 3.01805 0.523367
3.21601 3.02558 0.518688
3.2138 3.03383 0.514244
3.21116 3.04199 0.509666
3.20817 3.05022 0.505086
3.2051 3.06067 0.501053
3.20129 3.07112 0.496674
3.19674 3.08119 0.491988
3.19122 3.09065 0.486692
3.18522 3.10301 0.481846
3.17737 3.11762 0.476233
3.16814 3.13199 0.470275
3.15767 3.14692 0.464284
3.14609 3.16271 0.45852
3.13319 3.17773 0.452547
3.11932 3.1935 0.446926
3.10428 3.20986 0.44153
3.08798 3.22737 0.436483
3.07049 3.24512 0.431663
3.05169 3.26257 0.426879
3.03169 3.27994 0.422211
3.01055 3.29736 0.417718
2.9883 3.31497 0.413444
2.96499 3.33285 0.409421
2.94064 3.35108 0.405673
2.91507 3.37297 0.403089
2.88775 3.39524 0.40063
2.85916 3.41827 0.39856
2.82915 3.44144 0.396651
2.79782 3.4649 0.394962
2.76525 3.48877 0.393533
2.73177 3.5132 0.392484
2.69716 3.53812 0.39172
2.6615 3.56358 0.391259
2.62486 3.58962 0.391111
2.58731 3.61626 0.391281
2.54892 3.64351 0.391771
2.50978 3.67137 0.392576
2.47031 3.69986 0.393764
2.43249 3.72967 0.395885
2.39697 3.76036 0.398867
2.36375 3.79148 0.402515
2.33041 3.82197 0.406041
2.29641 3.8519 0.409365
2.26196 3.88146 0.412566
2.22725 3.91076 0.415698
2.19243 3.93988 0.4188
2.15764 3.96889 0.421898
2.123 3.99782 0.42501
2.0886 4.02667 0.428144
2.05454 4.05547 0.431303
